%YAML:1.0
point0: [ 252, 9 ]
point1: [ 294, 33 ]
point2: [ 983, 466 ]
point3: [ 86, 310 ]
point4: [ 624, 318 ]
point5: [ 228, 7 ]
point6: [ 306, 18 ]
point7: [ 963, 710 ]
point8: [ 1057, 47 ]
point9: [ 1031, 604 ]
point10: [ 1054, 42 ]
point11: [ 983, 418 ]
point12: [ 778, 343 ]
point13: [ 942, 588 ]
point14: [ 973, 763 ]
point15: [ 927, 350 ]
point16: [ 457, 10 ]
point17: [ 245, 712 ]
point18: [ 36, 16 ]
point19: [ 180, 53 ]
point20: [ 928, 514 ]
point21: [ 825, 701 ]
point22: [ 661, 350 ]
point23: [ 671, 445 ]
point24: [ 885, 466 ]
point25: [ 302, 8 ]
point26: [ 174, 53 ]
point27: [ 942, 595 ]
point28: [ 910, 687 ]
point29: [ 892, 457 ]
point30: [ 646, 433 ]
point31: [ 958, 633 ]
point32: [ 743, 614 ]
point33: [ 1022, 619 ]
point34: [ 1196, 622 ]
point35: [ 1059, 19 ]
point36: [ 1006, 742 ]
point37: [ 653, 678 ]
point38: [ 340, 23 ]
point39: [ 1080, 664 ]
point40: [ 1101, 610 ]
point41: [ 947, 431 ]
point42: [ 615, 532 ]
point43: [ 1132, 507 ]
point44: [ 601, 792 ]
point45: [ 784, 475 ]
point46: [ 615, 314 ]
point47: [ 939, 680 ]
point48: [ 706, 522 ]
point49: [ 691, 413 ]
point50: [ 788, 211 ]
point51: [ 938, 564 ]
point52: [ 428, 49 ]
point53: [ 809, 382 ]
point54: [ 895, 452 ]
point55: [ 156, 8 ]
point56: [ 830, 573 ]
point57: [ 283, 5 ]
point58: [ 978, 723 ]
point59: [ 925, 646 ]
point60: [ 829, 712 ]
point61: [ 808, 405 ]
point62: [ 761, 289 ]
point63: [ 718, 173 ]
point64: [ 649, 300 ]
point65: [ 919, 364 ]
point66: [ 910, 403 ]
point67: [ 666, 735 ]
point68: [ 651, 444 ]
point69: [ 1040, 449 ]
point70: [ 641, 448 ]
point71: [ 954, 656 ]
point72: [ 944, 523 ]
point73: [ 919, 535 ]
point74: [ 590, 614 ]
point75: [ 643, 437 ]
point76: [ 428, 40 ]
point77: [ 693, 672 ]
point78: [ 797, 410 ]
point79: [ 1171, 571 ]
point80: [ 923, 667 ]
point81: [ 961, 454 ]
point82: [ 1176, 443 ]
point83: [ 639, 603 ]
point84: [ 818, 509 ]
point85: [ 1057, 469 ]
point86: [ 474, 5 ]
point87: [ 1072, 470 ]
point88: [ 943, 505 ]
point89: [ 772, 360 ]
point90: [ 931, 661 ]
point91: [ 609, 316 ]
point92: [ 935, 706 ]
point93: [ 803, 443 ]
point94: [ 806, 362 ]
point95: [ 1131, 436 ]
point96: [ 836, 647 ]
point97: [ 842, 375 ]
point98: [ 967, 464 ]
point99: [ 651, 295 ]
point100: [ 1062, 473 ]
point101: [ 1088, 458 ]
point102: [ 120, 263 ]
point103: [ 517, 438 ]
point104: [ 263, 42 ]
point105: [ 763, 202 ]
point106: [ 903, 533 ]
point107: [ 890, 564 ]
point108: [ 937, 744 ]
point109: [ 828, 451 ]
point110: [ 294, 60 ]
point111: [ 832, 621 ]
point112: [ 946, 682 ]
point113: [ 393, 46 ]
point114: [ 910, 590 ]
point115: [ 36, 37 ]
point116: [ 890, 373 ]
point117: [ 790, 374 ]
point118: [ 743, 647 ]
point119: [ 827, 447 ]
point120: [ 821, 633 ]
point121: [ 760, 674 ]
point122: [ 820, 525 ]
point123: [ 1000, 601 ]
point124: [ 898, 461 ]
point125: [ 115, 26 ]
point126: [ 671, 656 ]
point127: [ 733, 801 ]
point128: [ 918, 611 ]
point129: [ 950, 666 ]
point130: [ 710, 656 ]
point131: [ 829, 400 ]
point132: [ 78, 311 ]
point133: [ 1127, 532 ]
point134: [ 277, 7 ]
point135: [ 750, 769 ]
point136: [ 847, 439 ]
point137: [ 608, 289 ]
point138: [ 322, 19 ]
point139: [ 900, 384 ]
point140: [ 706, 744 ]
point141: [ 856, 712 ]
point142: [ 349, 39 ]
point143: [ 937, 502 ]
point144: [ 912, 504 ]
point145: [ 1188, 102 ]
point146: [ 939, 607 ]
point147: [ 921, 620 ]
point148: [ 793, 435 ]
point149: [ 898, 557 ]
