%YAML:1.0
point0: [ 467, 149 ]
point1: [ 611, 150 ]
point2: [ 250, 219 ]
point3: [ 292, 243 ]
point4: [ 68, 167 ]
point5: [ 692, 190 ]
point6: [ 81, 515 ]
point7: [ 456, 161 ]
point8: [ 107, 149 ]
point9: [ 618, 531 ]
point10: [ 538, 146 ]
point11: [ 225, 216 ]
point12: [ 528, 152 ]
point13: [ 622, 166 ]
point14: [ 973, 683 ]
point15: [ 450, 169 ]
point16: [ 932, 214 ]
point17: [ 1049, 266 ]
point18: [ 888, 204 ]
point19: [ 230, 212 ]
point20: [ 1047, 262 ]
point21: [ 183, 211 ]
point22: [ 99, 168 ]
point23: [ 299, 218 ]
point24: [ 483, 188 ]
point25: [ 325, 199 ]
point26: [ 303, 228 ]
point27: [ 131, 170 ]
point28: [ 770, 557 ]
point29: [ 99, 162 ]
point30: [ 739, 107 ]
point31: [ 711, 178 ]
point32: [ 103, 157 ]
point33: [ 300, 203 ]
point34: [ 477, 151 ]
point35: [ 141, 173 ]
point36: [ 359, 193 ]
point37: [ 34, 223 ]
point38: [ 973, 635 ]
point39: [ 695, 79 ]
point40: [ 126, 168 ]
point41: [ 638, 647 ]
point42: [ 807, 201 ]
point43: [ 306, 198 ]
point44: [ 876, 682 ]
point45: [ 170, 260 ]
point46: [ 796, 205 ]
point47: [ 883, 673 ]
point48: [ 424, 261 ]
point49: [ 753, 208 ]
point50: [ 886, 198 ]
point51: [ 235, 208 ]
point52: [ 918, 731 ]
point53: [ 280, 214 ]
point54: [ 307, 212 ]
point55: [ 608, 174 ]
point56: [ 645, 507 ]
point57: [ 173, 211 ]
point58: [ 608, 526 ]
point59: [ 455, 223 ]
point60: [ 663, 660 ]
point61: [ 177, 261 ]
point62: [ 931, 806 ]
point63: [ 1054, 240 ]
point64: [ 919, 565 ]
point65: [ 909, 578 ]
point66: [ 683, 628 ]
point67: [ 822, 200 ]
point68: [ 294, 210 ]
point69: [ 775, 692 ]
point70: [ 621, 172 ]
point71: [ 288, 208 ]
point72: [ 676, 162 ]
point73: [ 636, 655 ]
point74: [ 886, 668 ]
point75: [ 713, 92 ]
point76: [ 768, 167 ]
point77: [ 703, 203 ]
point78: [ 781, 425 ]
point79: [ 654, 564 ]
point80: [ 625, 172 ]
point81: [ 603, 529 ]
point82: [ 588, 136 ]
point83: [ 147, 167 ]
point84: [ 801, 597 ]
point85: [ 749, 174 ]
point86: [ 927, 782 ]
point87: [ 482, 143 ]
point88: [ 788, 626 ]
point89: [ 889, 678 ]
point90: [ 1209, 648 ]
point91: [ 495, 177 ]
point92: [ 669, 9 ]
point93: [ 113, 234 ]
point94: [ 500, 174 ]
point95: [ 712, 387 ]
point96: [ 753, 503 ]
point97: [ 1029, 667 ]
point98: [ 900, 619 ]
point99: [ 260, 252 ]
point100: [ 292, 267 ]
point101: [ 798, 577 ]
point102: [ 714, 170 ]
point103: [ 115, 469 ]
point104: [ 642, 513 ]
point105: [ 49, 227 ]
point106: [ 368, 250 ]
point107: [ 694, 201 ]
point108: [ 345, 249 ]
point109: [ 336, 233 ]
point110: [ 242, 231 ]
point111: [ 893, 750 ]
point112: [ 937, 648 ]
point113: [ 909, 752 ]
point114: [ 193, 203 ]
point115: [ 643, 658 ]
point116: [ 950, 673 ]
point117: [ 319, 229 ]
point118: [ 764, 574 ]
point119: [ 80, 168 ]
point120: [ 73, 516 ]
point121: [ 390, 257 ]
point122: [ 800, 620 ]
point123: [ 243, 211 ]
point124: [ 1120, 726 ]
point125: [ 1164, 661 ]
point126: [ 1077, 676 ]
point127: [ 607, 745 ]
point128: [ 817, 578 ]
point129: [ 757, 416 ]
point130: [ 933, 722 ]
point131: [ 833, 590 ]
point132: [ 891, 600 ]
point133: [ 153, 216 ]
point134: [ 115, 242 ]
point135: [ 560, 488 ]
point136: [ 964, 629 ]
point137: [ 434, 246 ]
point138: [ 199, 255 ]
point139: [ 934, 740 ]
point140: [ 740, 540 ]
point141: [ 957, 681 ]
point142: [ 361, 250 ]
point143: [ 1061, 687 ]
point144: [ 341, 198 ]
point145: [ 423, 252 ]
point146: [ 819, 667 ]
point147: [ 1037, 599 ]
point148: [ 103, 242 ]
point149: [ 1115, 751 ]
