%YAML:1.0
point0: [ 978, 362 ]
point1: [ 81, 202 ]
point2: [ 620, 212 ]
point3: [ 956, 604 ]
point4: [ 594, 701 ]
point5: [ 1025, 499 ]
point6: [ 544, 719 ]
point7: [ 924, 246 ]
point8: [ 1074, 559 ]
point9: [ 1017, 514 ]
point10: [ 665, 339 ]
point11: [ 881, 360 ]
point12: [ 641, 326 ]
point13: [ 979, 315 ]
point14: [ 937, 482 ]
point15: [ 923, 409 ]
point16: [ 774, 238 ]
point17: [ 888, 352 ]
point18: [ 966, 657 ]
point19: [ 818, 594 ]
point20: [ 976, 723 ]
point21: [ 915, 259 ]
point22: [ 904, 581 ]
point23: [ 943, 327 ]
point24: [ 728, 703 ]
point25: [ 646, 571 ]
point26: [ 718, 733 ]
point27: [ 657, 244 ]
point28: [ 659, 628 ]
point29: [ 1000, 636 ]
point30: [ 237, 606 ]
point31: [ 937, 490 ]
point32: [ 757, 184 ]
point33: [ 962, 724 ]
point34: [ 890, 347 ]
point35: [ 822, 606 ]
point36: [ 933, 574 ]
point37: [ 737, 508 ]
point38: [ 1191, 518 ]
point39: [ 919, 541 ]
point40: [ 584, 507 ]
point41: [ 952, 527 ]
point42: [ 686, 307 ]
point43: [ 971, 618 ]
point44: [ 1127, 404 ]
point45: [ 880, 461 ]
point46: [ 792, 305 ]
point47: [ 676, 611 ]
point48: [ 1096, 505 ]
point49: [ 947, 550 ]
point50: [ 829, 541 ]
point51: [ 932, 459 ]
point52: [ 905, 299 ]
point53: [ 1128, 333 ]
point54: [ 735, 540 ]
point55: [ 638, 334 ]
point56: [ 938, 400 ]
point57: [ 895, 357 ]
point58: [ 814, 526 ]
point59: [ 645, 194 ]
point60: [ 914, 430 ]
point61: [ 939, 418 ]
point62: [ 898, 427 ]
point63: [ 368, 792 ]
point64: [ 1038, 489 ]
point65: [ 917, 561 ]
point66: [ 824, 467 ]
point67: [ 1084, 355 ]
point68: [ 957, 721 ]
point69: [ 610, 424 ]
point70: [ 692, 755 ]
point71: [ 686, 565 ]
point72: [ 805, 277 ]
point73: [ 823, 346 ]
point74: [ 803, 300 ]
point75: [ 778, 369 ]
point76: [ 593, 684 ]
point77: [ 903, 569 ]
point78: [ 933, 501 ]
point79: [ 921, 600 ]
point80: [ 590, 716 ]
point81: [ 611, 207 ]
point82: [ 785, 106 ]
point83: [ 929, 600 ]
point84: [ 918, 428 ]
point85: [ 925, 555 ]
point86: [ 1172, 340 ]
point87: [ 907, 548 ]
point88: [ 835, 754 ]
point89: [ 1122, 428 ]
point90: [ 605, 210 ]
point91: [ 685, 713 ]
point92: [ 416, 746 ]
point93: [ 939, 576 ]
point94: [ 911, 609 ]
point95: [ 823, 342 ]
point96: [ 1037, 495 ]
point97: [ 830, 748 ]
point98: [ 510, 333 ]
point99: [ 752, 567 ]
point100: [ 894, 478 ]
point101: [ 825, 367 ]
point102: [ 929, 531 ]
point103: [ 1085, 560 ]
point104: [ 1035, 346 ]
point105: [ 896, 280 ]
point106: [ 842, 333 ]
point107: [ 714, 565 ]
point108: [ 1068, 366 ]
point109: [ 1043, 279 ]
point110: [ 1183, 472 ]
point111: [ 967, 537 ]
point112: [ 664, 549 ]
point113: [ 1015, 552 ]
point114: [ 1167, 467 ]
point115: [ 1074, 384 ]
point116: [ 646, 332 ]
point117: [ 854, 338 ]
point118: [ 725, 694 ]
point119: [ 803, 558 ]
point120: [ 1008, 536 ]
point121: [ 798, 338 ]
point122: [ 743, 710 ]
point123: [ 756, 715 ]
point124: [ 905, 484 ]
point125: [ 659, 695 ]
point126: [ 697, 461 ]
point127: [ 788, 329 ]
point128: [ 909, 563 ]
point129: [ 886, 268 ]
point130: [ 995, 495 ]
point131: [ 768, 254 ]
point132: [ 856, 331 ]
point133: [ 962, 360 ]
point134: [ 661, 540 ]
point135: [ 948, 543 ]
point136: [ 932, 397 ]
point137: [ 742, 662 ]
point138: [ 929, 638 ]
point139: [ 799, 673 ]
point140: [ 818, 390 ]
point141: [ 802, 257 ]
point142: [ 593, 514 ]
point143: [ 783, 753 ]
point144: [ 715, 67 ]
point145: [ 1196, 258 ]
point146: [ 948, 557 ]
point147: [ 115, 155 ]
point148: [ 649, 527 ]
point149: [ 1110, 498 ]
