%YAML:1.0
point0: [ 616, 49 ]
point1: [ 255, 121 ]
point2: [ 471, 50 ]
point3: [ 295, 145 ]
point4: [ 72, 71 ]
point5: [ 88, 421 ]
point6: [ 698, 87 ]
point7: [ 230, 119 ]
point8: [ 455, 70 ]
point9: [ 626, 430 ]
point10: [ 111, 53 ]
point11: [ 460, 62 ]
point12: [ 984, 579 ]
point13: [ 308, 130 ]
point14: [ 533, 52 ]
point15: [ 543, 46 ]
point16: [ 628, 65 ]
point17: [ 895, 100 ]
point18: [ 330, 101 ]
point19: [ 235, 115 ]
point20: [ 939, 109 ]
point21: [ 311, 101 ]
point22: [ 135, 74 ]
point23: [ 779, 455 ]
point24: [ 187, 114 ]
point25: [ 1031, 718 ]
point26: [ 304, 120 ]
point27: [ 719, 69 ]
point28: [ 305, 106 ]
point29: [ 672, 558 ]
point30: [ 712, 68 ]
point31: [ 104, 66 ]
point32: [ 488, 88 ]
point33: [ 342, 135 ]
point34: [ 364, 94 ]
point35: [ 1057, 161 ]
point36: [ 482, 48 ]
point37: [ 1054, 156 ]
point38: [ 828, 96 ]
point39: [ 130, 72 ]
point40: [ 744, 5 ]
point41: [ 145, 77 ]
point42: [ 709, 101 ]
point43: [ 813, 98 ]
point44: [ 928, 462 ]
point45: [ 943, 701 ]
point46: [ 459, 123 ]
point47: [ 176, 164 ]
point48: [ 759, 105 ]
point49: [ 182, 164 ]
point50: [ 647, 546 ]
point51: [ 693, 526 ]
point52: [ 240, 111 ]
point53: [ 136, 69 ]
point54: [ 929, 627 ]
point55: [ 299, 113 ]
point56: [ 983, 531 ]
point57: [ 886, 579 ]
point58: [ 1061, 134 ]
point59: [ 1137, 69 ]
point60: [ 893, 570 ]
point61: [ 103, 72 ]
point62: [ 1023, 733 ]
point63: [ 286, 116 ]
point64: [ 700, 99 ]
point65: [ 716, 77 ]
point66: [ 663, 462 ]
point67: [ 785, 589 ]
point68: [ 745, 728 ]
point69: [ 243, 85 ]
point70: [ 947, 544 ]
point71: [ 789, 323 ]
point72: [ 293, 110 ]
point73: [ 118, 139 ]
point74: [ 655, 791 ]
point75: [ 959, 747 ]
point76: [ 178, 114 ]
point77: [ 312, 115 ]
point78: [ 613, 73 ]
point79: [ 762, 401 ]
point80: [ 39, 128 ]
point81: [ 911, 801 ]
point82: [ 943, 709 ]
point83: [ 802, 102 ]
point84: [ 205, 159 ]
point85: [ 122, 374 ]
point86: [ 1196, 736 ]
point87: [ 396, 159 ]
point88: [ 630, 70 ]
point89: [ 773, 494 ]
point90: [ 798, 523 ]
point91: [ 198, 107 ]
point92: [ 650, 412 ]
point93: [ 862, 29 ]
point94: [ 612, 428 ]
point95: [ 1132, 620 ]
point96: [ 1176, 556 ]
point97: [ 939, 678 ]
point98: [ 316, 117 ]
point99: [ 1040, 562 ]
point100: [ 1171, 685 ]
point101: [ 829, 564 ]
point102: [ 505, 74 ]
point103: [ 904, 646 ]
point104: [ 695, 785 ]
point105: [ 54, 132 ]
point106: [ 966, 16 ]
point107: [ 968, 577 ]
point108: [ 374, 152 ]
point109: [ 899, 574 ]
point110: [ 1088, 571 ]
point111: [ 1047, 495 ]
point112: [ 896, 565 ]
point113: [ 151, 70 ]
point114: [ 940, 793 ]
point115: [ 887, 680 ]
point116: [ 500, 77 ]
point117: [ 809, 517 ]
point118: [ 1044, 708 ]
point119: [ 837, 761 ]
point120: [ 826, 476 ]
point121: [ 265, 154 ]
point122: [ 955, 770 ]
point123: [ 810, 494 ]
point124: [ 297, 170 ]
point125: [ 755, 69 ]
point126: [ 324, 131 ]
point127: [ 475, 118 ]
point128: [ 708, 636 ]
point129: [ 617, 426 ]
point130: [ 653, 406 ]
point131: [ 736, 67 ]
point132: [ 804, 556 ]
point133: [ 773, 64 ]
point134: [ 643, 561 ]
point135: [ 945, 636 ]
point136: [ 901, 497 ]
point137: [ 920, 648 ]
point138: [ 926, 760 ]
point139: [ 428, 162 ]
point140: [ 1043, 714 ]
point141: [ 807, 475 ]
point142: [ 787, 550 ]
point143: [ 712, 769 ]
point144: [ 935, 517 ]
point145: [ 944, 618 ]
point146: [ 110, 147 ]
point147: [ 159, 120 ]
point148: [ 482, 58 ]
point149: [ 1072, 583 ]
