%YAML:1.0
point0: [ 590, 48 ]
point1: [ 610, 256 ]
point2: [ 249, 320 ]
point3: [ 466, 254 ]
point4: [ 691, 297 ]
point5: [ 67, 266 ]
point6: [ 77, 613 ]
point7: [ 289, 344 ]
point8: [ 537, 252 ]
point9: [ 455, 265 ]
point10: [ 107, 250 ]
point11: [ 965, 793 ]
point12: [ 450, 273 ]
point13: [ 621, 272 ]
point14: [ 930, 324 ]
point15: [ 612, 637 ]
point16: [ 477, 253 ]
point17: [ 225, 317 ]
point18: [ 527, 257 ]
point19: [ 325, 302 ]
point20: [ 886, 314 ]
point21: [ 1042, 372 ]
point22: [ 311, 18 ]
point23: [ 794, 314 ]
point24: [ 230, 313 ]
point25: [ 805, 309 ]
point26: [ 131, 270 ]
point27: [ 182, 312 ]
point28: [ 634, 255 ]
point29: [ 298, 319 ]
point30: [ 301, 330 ]
point31: [ 912, 674 ]
point32: [ 707, 281 ]
point33: [ 104, 257 ]
point34: [ 99, 262 ]
point35: [ 482, 292 ]
point36: [ 300, 305 ]
point37: [ 765, 664 ]
point38: [ 1050, 351 ]
point39: [ 306, 301 ]
point40: [ 712, 278 ]
point41: [ 132, 266 ]
point42: [ 33, 323 ]
point43: [ 656, 766 ]
point44: [ 141, 273 ]
point45: [ 876, 782 ]
point46: [ 820, 308 ]
point47: [ 669, 179 ]
point48: [ 1207, 803 ]
point49: [ 965, 742 ]
point50: [ 751, 316 ]
point51: [ 701, 310 ]
point52: [ 869, 791 ]
point53: [ 280, 316 ]
point54: [ 238, 284 ]
point55: [ 175, 361 ]
point56: [ 607, 280 ]
point57: [ 692, 308 ]
point58: [ 481, 246 ]
point59: [ 293, 312 ]
point60: [ 603, 180 ]
point61: [ 884, 308 ]
point62: [ 570, 53 ]
point63: [ 777, 532 ]
point64: [ 306, 314 ]
point65: [ 708, 494 ]
point66: [ 287, 309 ]
point67: [ 99, 267 ]
point68: [ 648, 670 ]
point69: [ 289, 372 ]
point70: [ 169, 360 ]
point71: [ 675, 270 ]
point72: [ 603, 631 ]
point73: [ 198, 356 ]
point74: [ 768, 800 ]
point75: [ 878, 777 ]
point76: [ 112, 333 ]
point77: [ 640, 613 ]
point78: [ 632, 753 ]
point79: [ 450, 325 ]
point80: [ 930, 757 ]
point81: [ 235, 309 ]
point82: [ 822, 40 ]
point83: [ 343, 351 ]
point84: [ 368, 353 ]
point85: [ 494, 281 ]
point86: [ 748, 609 ]
point87: [ 748, 279 ]
point88: [ 359, 297 ]
point89: [ 172, 311 ]
point90: [ 766, 275 ]
point91: [ 719, 21 ]
point92: [ 318, 331 ]
point93: [ 340, 301 ]
point94: [ 729, 277 ]
point95: [ 104, 343 ]
point96: [ 637, 618 ]
point97: [ 855, 243 ]
point98: [ 1204, 770 ]
point99: [ 622, 280 ]
point100: [ 153, 316 ]
point101: [ 793, 728 ]
point102: [ 1021, 777 ]
point103: [ 389, 360 ]
point104: [ 1200, 759 ]
point105: [ 469, 322 ]
point106: [ 677, 735 ]
point107: [ 265, 351 ]
point108: [ 1112, 765 ]
point109: [ 420, 365 ]
point110: [ 627, 769 ]
point111: [ 670, 143 ]
point112: [ 243, 313 ]
point113: [ 258, 351 ]
point114: [ 85, 273 ]
point115: [ 920, 325 ]
point116: [ 168, 353 ]
point117: [ 335, 335 ]
point118: [ 782, 733 ]
point119: [ 499, 278 ]
point120: [ 1155, 772 ]
point121: [ 598, 634 ]
point122: [ 776, 696 ]
point123: [ 957, 739 ]
point124: [ 827, 698 ]
point125: [ 794, 705 ]
point126: [ 1140, 395 ]
point127: [ 881, 787 ]
point128: [ 81, 268 ]
point129: [ 814, 309 ]
point130: [ 241, 332 ]
point131: [ 1053, 798 ]
point132: [ 637, 764 ]
point133: [ 115, 342 ]
point134: [ 850, 306 ]
point135: [ 312, 302 ]
point136: [ 629, 761 ]
point137: [ 1068, 786 ]
point138: [ 146, 269 ]
point139: [ 811, 776 ]
point140: [ 903, 688 ]
point141: [ 844, 761 ]
point142: [ 197, 302 ]
point143: [ 1029, 709 ]
point144: [ 70, 614 ]
point145: [ 1038, 797 ]
point146: [ 948, 110 ]
point147: [ 494, 33 ]
point148: [ 185, 361 ]
point149: [ 572, 242 ]
