%YAML:1.0
point0: [ 651, 361 ]
point1: [ 110, 368 ]
point2: [ 507, 358 ]
point3: [ 332, 447 ]
point4: [ 355, 123 ]
point5: [ 496, 369 ]
point6: [ 290, 422 ]
point7: [ 578, 356 ]
point8: [ 491, 377 ]
point9: [ 150, 351 ]
point10: [ 173, 373 ]
point11: [ 731, 402 ]
point12: [ 118, 713 ]
point13: [ 343, 432 ]
point14: [ 517, 360 ]
point15: [ 662, 377 ]
point16: [ 271, 415 ]
point17: [ 366, 405 ]
point18: [ 651, 741 ]
point19: [ 568, 362 ]
point20: [ 339, 422 ]
point21: [ 632, 154 ]
point22: [ 926, 421 ]
point23: [ 224, 414 ]
point24: [ 970, 431 ]
point25: [ 142, 364 ]
point26: [ 523, 351 ]
point27: [ 644, 286 ]
point28: [ 266, 419 ]
point29: [ 1085, 485 ]
point30: [ 147, 358 ]
point31: [ 270, 26 ]
point32: [ 341, 408 ]
point33: [ 741, 416 ]
point34: [ 1081, 480 ]
point35: [ 293, 11 ]
point36: [ 141, 369 ]
point37: [ 463, 468 ]
point38: [ 750, 391 ]
point39: [ 522, 396 ]
point40: [ 76, 424 ]
point41: [ 733, 414 ]
point42: [ 747, 385 ]
point43: [ 400, 400 ]
point44: [ 329, 412 ]
point45: [ 183, 376 ]
point46: [ 753, 384 ]
point47: [ 407, 455 ]
point48: [ 845, 416 ]
point49: [ 834, 420 ]
point50: [ 154, 434 ]
point51: [ 211, 463 ]
point52: [ 280, 387 ]
point53: [ 803, 770 ]
point54: [ 195, 417 ]
point55: [ 347, 404 ]
point56: [ 737, 179 ]
point57: [ 240, 457 ]
point58: [ 791, 422 ]
point59: [ 924, 415 ]
point60: [ 321, 418 ]
point61: [ 347, 417 ]
point62: [ 806, 382 ]
point63: [ 75, 444 ]
point64: [ 335, 414 ]
point65: [ 950, 780 ]
point66: [ 535, 386 ]
point67: [ 493, 430 ]
point68: [ 940, 793 ]
point69: [ 779, 322 ]
point70: [ 815, 638 ]
point71: [ 217, 462 ]
point72: [ 1090, 460 ]
point73: [ 330, 475 ]
point74: [ 825, 109 ]
point75: [ 273, 18 ]
point76: [ 91, 428 ]
point77: [ 128, 374 ]
point78: [ 1183, 107 ]
point79: [ 430, 464 ]
point80: [ 675, 723 ]
point81: [ 532, 50 ]
point82: [ 384, 454 ]
point83: [ 539, 383 ]
point84: [ 788, 385 ]
point85: [ 359, 433 ]
point86: [ 747, 599 ]
point87: [ 214, 413 ]
point88: [ 463, 458 ]
point89: [ 282, 430 ]
point90: [ 648, 385 ]
point91: [ 188, 371 ]
point92: [ 300, 456 ]
point93: [ 153, 667 ]
point94: [ 376, 438 ]
point95: [ 627, 348 ]
point96: [ 419, 24 ]
point97: [ 687, 775 ]
point98: [ 147, 444 ]
point99: [ 664, 383 ]
point100: [ 509, 425 ]
point101: [ 351, 434 ]
point102: [ 678, 718 ]
point103: [ 703, 214 ]
point104: [ 642, 736 ]
point105: [ 336, 106 ]
point106: [ 791, 629 ]
point107: [ 333, 460 ]
point108: [ 181, 98 ]
point109: [ 151, 386 ]
point110: [ 786, 715 ]
point111: [ 978, 201 ]
point112: [ 157, 443 ]
point113: [ 280, 13 ]
point114: [ 221, 106 ]
point115: [ 354, 417 ]
point116: [ 989, 219 ]
point117: [ 354, 405 ]
point118: [ 284, 415 ]
point119: [ 327, 429 ]
point120: [ 960, 433 ]
point121: [ 239, 404 ]
point122: [ 890, 341 ]
point123: [ 254, 29 ]
point124: [ 746, 594 ]
point125: [ 612, 347 ]
point126: [ 962, 50 ]
point127: [ 553, 408 ]
point128: [ 162, 91 ]
point129: [ 636, 738 ]
point130: [ 304, 421 ]
point131: [ 280, 7 ]
point132: [ 796, 787 ]
point133: [ 890, 413 ]
point134: [ 525, 362 ]
point135: [ 747, 245 ]
point136: [ 1167, 398 ]
point137: [ 865, 804 ]
point138: [ 715, 375 ]
point139: [ 627, 22 ]
point140: [ 712, 248 ]
point141: [ 1188, 56 ]
point142: [ 225, 464 ]
point143: [ 711, 286 ]
point144: [ 896, 410 ]
point145: [ 910, 345 ]
point146: [ 612, 160 ]
point147: [ 595, 698 ]
point148: [ 1018, 346 ]
point149: [ 276, 5 ]
